22 
23 
24 
25 
26 2147483654 
27 
32 2147483654 
49 2147483663 2147483669 2147483677 2147483700 2147483701 2147483702 
50 
51 
52 2147483663 2147483669 2147483677 2147483700 2147483701 2147483702 
53 2147483661 2147483663 2147483664 2147483667 2147483669 2147483675 2147483677 2147483682 2147483683 2147483686 2147483687 2147483692 2147483693 2147483698 2147483699 2147483700 2147483701 2147483702 
54 2147483663 2147483669 2147483675 2147483677 2147483700 2147483701 2147483702 
57 2147483663 2147483664 2147483669 2147483675 2147483677 2147483683 2147483687 2147483693 2147483699 2147483700 2147483701 2147483702 
127 2147483663 2147483669 2147483677 2147483700 2147483701 2147483702 
128 2147483663 2147483669 2147483677 2147483700 2147483701 2147483702 
129 2147483663 2147483669 2147483677 2147483700 2147483701 2147483702 
130 2147483663 2147483669 2147483677 2147483700 2147483701 2147483702 
131 
132 
133 
134 
263 
264 
265 
266 
267 
268 
269 
270 
2147483654 2147483663 2147483669 2147483677 2147483700 2147483701 32 26 2147483663 2147483669 2147483677 2147483700 2147483701 
2147483661 2147483663 2147483664 2147483665 2147483700 53 2147483663 2147483664 2147483665 2147483700 
2147483663 2147483654 2147483661 2147483654 2147483661 2147483664 2147483665 2147483667 2147483668 2147483669 2147483675 2147483677 2147483700 2147483701 53 54 49 52 57 127 128 129 130 2147483664 2147483665 2147483667 2147483668 2147483669 2147483675 2147483677 2147483700 2147483701 
2147483664 2147483661 2147483663 2147483661 2147483663 2147483665 2147483700 57 53 2147483665 2147483700 
2147483665 2147483661 2147483663 2147483664 2147483661 2147483663 2147483664 2147483700 2147483700 
2147483667 2147483663 2147483663 2147483668 2147483700 53 2147483668 2147483700 
2147483668 2147483663 2147483667 2147483663 2147483667 2147483700 2147483700 
2147483669 2147483654 2147483663 2147483654 2147483663 2147483675 2147483677 2147483700 2147483701 53 54 49 52 57 127 128 129 130 2147483675 2147483677 2147483700 2147483701 
2147483675 2147483663 2147483669 2147483663 2147483669 2147483677 2147483700 54 57 53 2147483677 2147483700 
2147483677 2147483654 2147483663 2147483669 2147483675 2147483654 2147483663 2147483669 2147483675 2147483700 2147483701 57 49 52 54 53 127 128 129 130 2147483700 2147483701 
2147483681 2147483682 2147483683 2147483702 2147483682 2147483683 2147483702 
2147483682 2147483681 2147483681 2147483683 2147483702 53 2147483683 2147483702 
2147483683 2147483681 2147483682 2147483681 2147483682 2147483702 57 53 2147483702 
2147483685 2147483686 2147483687 2147483686 2147483687 
2147483686 2147483685 2147483685 2147483687 53 2147483687 
2147483687 2147483685 2147483686 2147483685 2147483686 57 53 
2147483691 2147483692 2147483693 2147483702 2147483692 2147483693 2147483702 
2147483692 2147483691 2147483691 2147483693 2147483702 53 2147483693 2147483702 
2147483693 2147483691 2147483692 2147483691 2147483692 2147483702 57 53 2147483702 
2147483695 
2147483697 2147483698 2147483699 2147483698 2147483699 
2147483698 2147483697 2147483697 2147483699 53 2147483699 
2147483699 2147483697 2147483698 2147483697 2147483698 57 53 
2147483700 2147483654 2147483661 2147483663 2147483664 2147483665 2147483667 2147483668 2147483669 2147483675 2147483677 2147483654 2147483661 2147483663 2147483664 2147483665 2147483667 2147483668 2147483669 2147483675 2147483677 2147483701 57 49 52 54 53 127 128 129 130 2147483701 
2147483701 2147483654 2147483663 2147483669 2147483677 2147483700 2147483654 2147483663 2147483669 2147483677 2147483700 53 57 49 52 54 127 128 129 130 
2147483702 2147483681 2147483682 2147483683 2147483691 2147483692 2147483693 2147483681 2147483682 2147483683 2147483691 2147483692 2147483693 49 53 52 54 57 127 128 129 130 
