2 2147483695 2147483755 
5 2147483755 
11 2147483695 2147483755 
18 
19 
22 2147483709 2147483710 2147483728 2147483732 2147483733 2147483763 2147483765 
24 2147483684 2147483709 2147483710 2147483728 2147483732 2147483733 2147483763 2147483765 
25 2147483728 2147483763 2147483765 
26 2147483684 2147483728 2147483763 
27 2147483684 2147483728 2147483763 
32 2147483684 2147483728 2147483763 
49 2147483660 2147483665 2147483674 2147483690 2147483691 2147483692 2147483703 2147483708 2147483716 2147483717 2147483731 2147483739 2147483751 2147483752 2147483759 2147483761 2147483768 2147483770 2147483771 2147483773 2147483774 
51 2147483660 2147483665 2147483674 2147483690 2147483691 2147483692 2147483703 2147483708 2147483716 2147483717 2147483731 2147483739 2147483751 2147483752 2147483759 2147483761 2147483768 2147483770 2147483771 2147483773 
52 2147483690 2147483691 2147483692 2147483703 2147483716 2147483717 2147483739 2147483751 2147483752 2147483759 2147483761 2147483770 2147483771 2147483774 
53 2147483690 2147483691 2147483692 2147483751 2147483752 2147483759 2147483761 2147483767 2147483770 2147483771 
54 2147483690 2147483691 2147483692 2147483751 2147483752 2147483759 2147483761 2147483770 2147483771 
57 2147483690 2147483691 2147483692 2147483751 2147483752 2147483759 2147483761 2147483770 2147483771 
61 
127 2147483690 2147483691 2147483692 2147483751 2147483752 2147483759 2147483761 2147483770 2147483771 
128 2147483690 2147483691 2147483692 2147483751 2147483752 2147483759 2147483761 2147483770 2147483771 
129 2147483690 2147483691 2147483692 2147483751 2147483752 2147483759 2147483761 2147483770 2147483771 
130 2147483690 2147483691 2147483692 2147483751 2147483752 2147483759 2147483761 2147483770 2147483771 
131 2147483660 2147483665 2147483674 2147483690 2147483691 2147483692 2147483703 2147483708 2147483716 2147483717 2147483731 2147483739 2147483751 2147483752 2147483759 2147483761 2147483767 2147483771 2147483774 
132 2147483674 2147483690 2147483691 2147483692 2147483751 2147483752 2147483759 2147483761 2147483767 2147483770 2147483771 2147483773 2147483774 
133 2147483660 2147483665 2147483674 2147483690 2147483691 2147483692 2147483703 2147483708 2147483716 2147483717 2147483731 2147483739 2147483751 2147483752 2147483759 2147483761 2147483767 2147483770 2147483771 2147483774 
134 2147483660 2147483665 2147483674 2147483690 2147483691 2147483692 2147483703 2147483708 2147483716 2147483717 2147483731 2147483739 2147483751 2147483752 2147483759 2147483761 2147483770 2147483771 2147483773 2147483774 
247 
248 
249 
250 
251 2147483695 2147483755 
252 2147483695 2147483755 
253 2147483695 2147483755 
254 2147483695 2147483755 
263 2147483728 2147483763 
264 2147483728 2147483763 
265 2147483728 2147483763 
266 2147483728 2147483763 
267 2147483709 2147483710 2147483728 2147483732 2147483733 2147483763 2147483765 
268 2147483684 2147483728 2147483763 2147483765 
269 2147483709 2147483710 2147483728 2147483732 2147483733 2147483763 2147483765 
270 2147483709 2147483710 2147483728 2147483732 2147483733 2147483763 2147483765 
2147483660 2147483728 2147483755 2147483759 2147483761 51 49 133 134 131 2147483728 2147483755 2147483759 2147483761 
2147483665 2147483728 2147483755 2147483759 2147483761 51 49 133 134 131 2147483728 2147483755 2147483759 2147483761 
2147483674 2147483751 2147483752 2147483759 2147483761 2147483763 49 51 133 134 131 132 2147483751 2147483752 2147483759 2147483761 2147483763 
2147483684 2147483752 2147483770 27 32 26 24 268 2147483752 2147483770 
2147483690 2147483691 2147483692 2147483695 2147483752 2147483771 2147483774 49 52 54 57 53 127 128 129 130 51 133 134 131 132 2147483691 2147483692 2147483695 2147483752 2147483771 2147483774 
2147483691 2147483690 2147483690 2147483692 2147483695 2147483752 2147483770 2147483771 2147483774 134 49 52 54 57 53 127 128 129 130 51 133 131 132 2147483692 2147483695 2147483752 2147483770 2147483771 2147483774 
2147483692 2147483690 2147483691 2147483690 2147483691 2147483695 2147483752 2147483771 2147483774 53 133 49 52 54 57 127 128 129 130 51 134 131 132 2147483695 2147483752 2147483771 2147483774 
2147483695 2147483690 2147483691 2147483692 2147483690 2147483691 2147483692 2147483771 2147483774 2 11 253 254 251 252 2147483771 2147483774 
2147483703 2147483728 2147483752 2147483755 2147483759 2147483761 49 52 51 133 134 131 2147483728 2147483752 2147483755 2147483759 2147483761 
2147483708 2147483728 2147483752 2147483759 2147483761 49 51 133 134 131 2147483728 2147483752 2147483759 2147483761 
2147483709 2147483728 2147483752 2147483759 2147483761 22 24 269 270 267 2147483728 2147483752 2147483759 2147483761 
2147483710 2147483728 2147483752 2147483759 2147483761 22 24 269 270 267 2147483728 2147483752 2147483759 2147483761 
2147483716 2147483728 2147483752 2147483755 2147483759 2147483761 49 52 51 133 134 131 2147483728 2147483752 2147483755 2147483759 2147483761 
2147483717 2147483728 2147483752 2147483755 2147483759 2147483761 49 52 51 133 134 131 2147483728 2147483752 2147483755 2147483759 2147483761 
2147483728 2147483660 2147483665 2147483703 2147483708 2147483709 2147483710 2147483716 2147483717 2147483660 2147483665 2147483703 2147483708 2147483709 2147483710 2147483716 2147483717 2147483731 2147483732 2147483733 2147483739 2147483752 2147483755 2147483759 2147483761 2147483763 2147483765 22 25 27 32 26 263 264 265 266 24 269 270 267 268 2147483731 2147483732 2147483733 2147483739 2147483752 2147483755 2147483759 2147483761 2147483763 2147483765 
2147483731 2147483728 2147483728 2147483752 2147483759 2147483761 49 51 133 134 131 2147483752 2147483759 2147483761 
2147483732 2147483728 2147483728 2147483752 2147483759 2147483761 22 24 269 270 267 2147483752 2147483759 2147483761 
2147483733 2147483728 2147483728 2147483752 2147483759 2147483761 22 24 269 270 267 2147483752 2147483759 2147483761 
2147483739 2147483728 2147483728 2147483752 2147483755 2147483759 2147483761 49 52 51 133 134 131 2147483752 2147483755 2147483759 2147483761 
2147483751 2147483674 2147483674 2147483752 2147483759 2147483761 2147483763 2147483770 2147483773 49 52 54 57 53 127 128 129 130 51 133 134 131 132 2147483752 2147483759 2147483761 2147483763 2147483770 2147483773 
2147483752 2147483674 2147483684 2147483690 2147483691 2147483692 2147483703 2147483708 2147483709 2147483710 2147483716 2147483717 2147483728 2147483731 2147483732 2147483733 2147483739 2147483751 2147483674 2147483684 2147483690 2147483691 2147483692 2147483703 2147483708 2147483709 2147483710 2147483716 2147483717 2147483728 2147483731 2147483732 2147483733 2147483739 2147483751 2147483755 2147483759 2147483761 2147483763 2147483765 2147483768 2147483770 2147483771 2147483773 53 49 57 51 52 54 127 128 129 130 133 134 131 132 2147483755 2147483759 2147483761 2147483763 2147483765 2147483768 2147483770 2147483771 2147483773 
2147483755 2147483660 2147483665 2147483703 2147483716 2147483717 2147483728 2147483739 2147483752 2147483660 2147483665 2147483703 2147483716 2147483717 2147483728 2147483739 2147483752 2147483759 2147483761 2147483763 2147483765 2 11 5 253 254 251 252 2147483759 2147483761 2147483763 2147483765 
2147483759 2147483660 2147483665 2147483674 2147483703 2147483708 2147483709 2147483710 2147483716 2147483717 2147483728 2147483731 2147483732 2147483733 2147483739 2147483751 2147483752 2147483755 2147483660 2147483665 2147483674 2147483703 2147483708 2147483709 2147483710 2147483716 2147483717 2147483728 2147483731 2147483732 2147483733 2147483739 2147483751 2147483752 2147483755 2147483761 2147483763 2147483765 2147483767 128 49 52 54 57 53 127 129 130 51 133 134 131 132 2147483761 2147483763 2147483765 2147483767 
2147483761 2147483660 2147483665 2147483674 2147483703 2147483708 2147483709 2147483710 2147483716 2147483717 2147483728 2147483731 2147483732 2147483733 2147483739 2147483751 2147483752 2147483755 2147483759 2147483660 2147483665 2147483674 2147483703 2147483708 2147483709 2147483710 2147483716 2147483717 2147483728 2147483731 2147483732 2147483733 2147483739 2147483751 2147483752 2147483755 2147483759 2147483763 2147483765 2147483767 127 49 52 54 57 53 128 129 130 51 133 134 131 132 2147483763 2147483765 2147483767 
2147483763 2147483674 2147483728 2147483751 2147483752 2147483755 2147483759 2147483761 2147483674 2147483728 2147483751 2147483752 2147483755 2147483759 2147483761 2147483765 2147483767 25 22 27 32 26 263 264 265 266 24 269 270 267 268 2147483765 2147483767 
2147483765 2147483728 2147483752 2147483755 2147483759 2147483761 2147483763 2147483728 2147483752 2147483755 2147483759 2147483761 2147483763 22 25 24 269 270 267 268 
2147483767 2147483759 2147483761 2147483763 2147483759 2147483761 2147483763 53 133 131 132 
2147483768 2147483752 2147483752 49 51 
2147483770 2147483684 2147483691 2147483751 2147483752 2147483684 2147483691 2147483751 2147483752 2147483773 49 132 52 54 57 53 127 128 129 130 51 133 134 2147483773 
2147483771 2147483690 2147483691 2147483692 2147483695 2147483752 2147483690 2147483691 2147483692 2147483695 2147483752 2147483774 57 131 132 49 52 54 53 127 128 129 130 51 133 134 2147483774 
2147483773 2147483751 2147483752 2147483770 2147483751 2147483752 2147483770 134 49 51 132 
2147483774 2147483690 2147483691 2147483692 2147483695 2147483771 2147483690 2147483691 2147483692 2147483695 2147483771 49 52 133 134 131 132 
